20
0.00 1.03 0.70 0.98 1.11 0.56 1.43 1.37 1.15 1.17 1.05 1.31 0.37 1.27 0.58 0.71 1.32 1.09 1.27 0.49
1.03 0.00 0.99 1.15 0.65 1.53 0.91 0.73 1.52 1.67 1.07 1.31 0.99 1.11 1.19 1.48 1.59 0.63 0.83 0.66
0.70 0.99 0.00 0.88 1.62 0.58 0.75 0.89 0.75 0.77 0.70 0.88 0.72 1.46 0.39 0.59 0.73 1.60 1.02 0.82
0.98 1.15 0.88 0.00 1.47 0.77 1.18 1.70 1.17 0.87 1.30 1.07 1.45 0.99 0.90 0.70 0.65 0.96 0.97 0.62
1.11 0.65 1.62 1.47 0.00 1.42 1.41 0.60 1.47 1.33 1.47 1.10 1.03 1.10 1.47 1.11 1.72 0.72 0.94 1.18
0.56 1.53 0.58 0.77 1.42 0.00 1.44 1.39 0.77 0.43 0.95 0.45 0.50 1.06 0.76 0.44 0.65 1.36 0.78 1.20
1.43 0.91 0.75 1.18 1.41 1.44 0.00 0.70 0.47 1.09 0.27 1.12 1.07 1.00 0.62 1.46 0.70 1.10 1.01 1.04
1.37 0.73 0.89 1.70 0.60 1.39 0.70 0.00 0.75 0.96 1.03 0.86 0.98 1.04 1.16 1.13 1.33 1.05 1.18 1.50
1.15 1.52 0.75 1.17 1.47 0.77 0.47 0.75 0.00 0.36 0.52 0.54 0.74 0.87 0.77 1.14 0.60 1.20 1.10 1.45
1.17 1.67 0.77 0.87 1.33 0.43 1.09 0.96 0.36 0.00 0.97 0.18 1.01 1.06 1.18 0.74 0.40 1.50 0.80 1.40
1.05 1.07 0.70 1.30 1.47 0.95 0.27 1.03 0.52 0.97 0.00 0.88 0.60 1.17 0.54 1.38 0.59 1.34 0.64 0.98
1.31 1.31 0.88 1.07 1.10 0.45 1.12 0.86 0.54 0.18 0.88 0.00 0.82 1.03 1.35 0.97 0.60 1.33 0.39 1.56
0.37 0.99 0.72 1.45 1.03 0.50 1.07 0.98 0.74 1.01 0.60 0.82 0.00 1.15 0.59 1.01 1.32 1.05 0.86 1.11
1.27 1.11 1.46 0.99 1.10 1.06 1.00 1.04 0.87 1.06 1.17 1.03 1.15 0.00 1.37 1.31 0.96 0.25 1.34 1.45
0.58 1.19 0.39 0.90 1.47 0.76 0.62 1.16 0.77 1.18 0.54 1.35 0.59 1.37 0.00 0.60 0.94 1.33 1.20 0.80
0.71 1.48 0.59 0.70 1.11 0.44 1.46 1.13 1.14 0.74 1.38 0.97 1.01 1.31 0.60 0.00 0.87 1.46 1.20 1.08
1.32 1.59 0.73 0.65 1.72 0.65 0.70 1.33 0.60 0.40 0.59 0.60 1.32 0.96 0.94 0.87 0.00 1.52 0.76 1.05
1.09 0.63 1.60 0.96 0.72 1.36 1.10 1.05 1.20 1.50 1.34 1.33 1.05 0.25 1.33 1.46 1.52 0.00 1.28 1.15
1.27 0.83 1.02 0.97 0.94 0.78 1.01 1.18 1.10 0.80 0.64 0.39 0.86 1.34 1.20 1.20 0.76 1.28 0.00 1.06
0.49 0.66 0.82 0.62 1.18 1.20 1.04 1.50 1.45 1.40 0.98 1.56 1.11 1.45 0.80 1.08 1.05 1.15 1.06 0.00
